
a: 0
b: 0
c: 0
ip: 2
[2, 4, 1, 5, 7, 5, 4, 5, 0, 3, 1, 6, 5, 5, 3, 0]
-------^

output: 

a: 0
b: 5
c: 0
ip: 4
[2, 4, 1, 5, 7, 5, 4, 5, 0, 3, 1, 6, 5, 5, 3, 0]
-------------^

output: 

a: 0
b: 5
c: 0
ip: 6
[2, 4, 1, 5, 7, 5, 4, 5, 0, 3, 1, 6, 5, 5, 3, 0]
-------------------^

output: 

a: 0
b: 5
c: 0
ip: 8
[2, 4, 1, 5, 7, 5, 4, 5, 0, 3, 1, 6, 5, 5, 3, 0]
-------------------------^

output: 

a: 0
b: 5
c: 0
ip: 10
[2, 4, 1, 5, 7, 5, 4, 5, 0, 3, 1, 6, 5, 5, 3, 0]
-------------------------------^

output: 

a: 0
b: 3
c: 0
ip: 12
[2, 4, 1, 5, 7, 5, 4, 5, 0, 3, 1, 6, 5, 5, 3, 0]
-------------------------------------^

output: 

a: 0
b: 3
c: 0
ip: 14
[2, 4, 1, 5, 7, 5, 4, 5, 0, 3, 1, 6, 5, 5, 3, 0]
-------------------------------------------^

output: 3
output: 3
output: 3
output: 3
output: 3
output: 3
output: 3
output: 3
output: 3
[]
[]
[]
[]
[]
[]
[]
[]
[]
[]
[]
[]
[]
[]
[]
[]
[]
